0	file:/tmp/stadtwaechter_mallet_hzuu4wlp/OCR_29._1929_Ausgabe.txt	0.2508190897248648	0.10133028066158765	0.019263411360675796	0.05297438124185845	0.24474006236924167	0.08585639284727431	0.24501638179449728
1	file:/tmp/stadtwaechter_mallet_hzuu4wlp/64_65._Ausgabe_1930.txt	0.2577237919197254	0.09203735266581846	0.22697265765657634	0.0606140624624913	0.0307031231245649	0.0717046354754303	0.26024437669539335
2	file:/tmp/stadtwaechter_mallet_hzuu4wlp/15._Ausgabe_1930-2.txt	0.2700580565337394	0.17112401256305318	0.015561054535071858	0.055201294375178456	0.045207956600361664	0.28271628438184065	0.16013134101075474
3	file:/tmp/stadtwaechter_mallet_hzuu4wlp/6._Korrekt_1929_OCR.txt	0.313368223815985	0.11752923693222199	0.018252891387219743	0.3083930994378756	0.09355818311042192	0.021192737610648056	0.12770562770562768
4	file:/tmp/stadtwaechter_mallet_hzuu4wlp/50._Ausgabe_1930.txt	0.2565267448735103	0.16373650309611973	0.14609328811027786	0.04567943491925196	0.021283878395618756	0.1099355882627501	0.2567445623424713
5	file:/tmp/stadtwaechter_mallet_hzuu4wlp/22._Ausgabe_1931-1.txt	0.3207264901183696	0.15960211018083514	0.2255583842943755	0.06075956011653238	0.022912784441353244	0.04220361670297368	0.16823705414556048
6	file:/tmp/stadtwaechter_mallet_hzuu4wlp/32._Ausgabe_1930.txt	0.2544074054813043	0.1632170159654688	0.037807478288002495	0.053278901658952625	0.08422174840085288	0.16085079827344115	0.24621665193197775
7	file:/tmp/stadtwaechter_mallet_hzuu4wlp/OCR_3._Ausgabe_1930.txt	0.27771298995788796	0.06864269517330741	0.022837706511175896	0.05163589245221899	0.0845157110463233	0.2264658244250081	0.2681891804340784
8	file:/tmp/stadtwaechter_mallet_hzuu4wlp/18._Ausgabe_1931.txt	0.29753321660315174	0.1749665259038006	0.200921825110722	0.0628540529405706	0.05564424760531466	0.026805026264290866	0.18127510557214954
9	file:/tmp/stadtwaechter_mallet_hzuu4wlp/OCR_11_1929_komplett.txt	0.28280819822575715	0.16118078923218107	0.01342918323646375	0.144264301009483	0.15004588559192414	0.02456408687672071	0.22370755582747018
10	file:/tmp/stadtwaechter_mallet_hzuu4wlp/OCR_15_1929_korrekt.txt	0.26694447412472844	0.11461338462086405	0.029597179185810448	0.10139972219254194	0.2622075008013677	0.02735334971685009	0.19788438935783736
11	file:/tmp/stadtwaechter_mallet_hzuu4wlp/OCR_9._1929_korrekt.txt	0.3165508238365734	0.13230780086793917	0.006103799880040927	0.251349539568853	0.1342835973609004	0.009561443742723072	0.14984299474297003
12	file:/tmp/stadtwaechter_mallet_hzuu4wlp/25._Ausgabe_1930.txt	0.2740798945554091	0.18057386190814154	0.03987123593227213	0.04590388319983778	0.0581466085369563	0.2008009733346852	0.20062354253269798
13	file:/tmp/stadtwaechter_mallet_hzuu4wlp/10._Ausgabe_1930.txt	0.28345822254451697	0.06480810034109527	0.013858673757150913	0.03811135283216502	0.059167942416673384	0.30413880160073054	0.23645690650766793
14	file:/tmp/stadtwaechter_mallet_hzuu4wlp/17._Ausgabe_1931-1.txt	0.30292087095061077	0.24046733935209774	0.1646309081253319	0.08061603823685608	0.017976633032395113	0.015560276155071693	0.17782793414763673
15	file:/tmp/stadtwaechter_mallet_hzuu4wlp/OCR_34._1929_Ausgabe.txt	0.24148719662221685	0.08775553598007352	0.016949667385559367	0.03247167461498739	0.2591355062118405	0.11582272713465568	0.24637769205066676
16	file:/tmp/stadtwaechter_mallet_hzuu4wlp/26._Ausgabe_1930.txt	0.2681930560034398	0.15720735246694614	0.027786735461679028	0.05431043749328174	0.044716758035042464	0.2290658927227776	0.2187197678168333
17	file:/tmp/stadtwaechter_mallet_hzuu4wlp/27_28._Ausgabe_1931.txt	0.27721720658523635	0.3153512754184298	0.08666678087471948	0.07119730012163157	0.04853271204152605	0.027906737704075514	0.1731279872543813
18	file:/tmp/stadtwaechter_mallet_hzuu4wlp/31._Ausgabe_1930.txt	0.269448254289083	0.21622271950720665	0.03970259149642677	0.08282201207921269	0.08585384633893982	0.08955942154527298	0.21639115474385814
19	file:/tmp/stadtwaechter_mallet_hzuu4wlp/48._Ausgabe_1930.txt	0.21888921888921886	0.2213147213147213	0.10974160974160975	0.04217404217404217	0.024156024156024154	0.11632511632511633	0.2673992673992674
20	file:/tmp/stadtwaechter_mallet_hzuu4wlp/OCR_24._1929_Ausgabe.txt	0.234816653934301	0.05355551311433664	7.95772854596384E-5	0.43078367710720655	0.07015533486121721	0.015119684237331297	0.1954895594601477
21	file:/tmp/stadtwaechter_mallet_hzuu4wlp/OCR_4_1929_komplett_Stadtwächter.txt	0.35309286871425266	0.14503917743908484	0.02747379905445168	0.24455317882765235	0.05640228783019804	0.017753826825800904	0.15568486130855952
22	file:/tmp/stadtwaechter_mallet_hzuu4wlp/66._Ausgabe_1930.txt	0.30610602169496726	0.09601747863084058	0.21420905362413278	0.05563647514278049	0.02384146575184944	0.08018705201425888	0.22400245314117062
23	file:/tmp/stadtwaechter_mallet_hzuu4wlp/02._Ausgabe_1931-1.txt	0.2790266989042646	0.14254848500437264	0.20502597870260816	0.057384639127527136	0.03613869026184475	0.0582848911981069	0.22159061680127579
24	file:/tmp/stadtwaechter_mallet_hzuu4wlp/05._Ausgabe_1931.txt	0.28788784437320003	0.11462804977449328	0.19564744878552412	0.085149160462968	0.03075585502363745	0.06993424985056784	0.21599739172960933
25	file:/tmp/stadtwaechter_mallet_hzuu4wlp/54._Ausgabe_1930.txt	0.24966820618994534	0.1556511121728513	0.17070127939693155	0.054945054945054944	0.048813505335244464	0.04286776025906461	0.2773530817009078
26	file:/tmp/stadtwaechter_mallet_hzuu4wlp/27._Ausgabe_1930.txt	0.3081381235586843	0.1853683699478092	0.02585265202087632	0.05219079985435126	0.04178298337176842	0.14331229518145405	0.24335477606505646
27	file:/tmp/stadtwaechter_mallet_hzuu4wlp/OCR_3_1929_komplett_Stadtwächter.txt	0.3456058207296123	0.1006164314346347	0.01950348637450736	0.32226226968033145	0.031057365176676663	0.012193889581298212	0.1687607370229393
28	file:/tmp/stadtwaechter_mallet_hzuu4wlp/09._Ausgabe_1930-1.txt	0.2763618464231022	1.367315685845548E-4	5.195799606213082E-4	9.024283526580618E-4	0.010473638153576898	0.47218879894990157	0.23941697659155547
29	file:/tmp/stadtwaechter_mallet_hzuu4wlp/58._Ausgabe_1930.txt	0.2816777816777817	0.17582192582192582	0.1926114426114426	0.05727155727155727	0.04682929682929683	0.032701532701532705	0.2130864630864631
30	file:/tmp/stadtwaechter_mallet_hzuu4wlp/23._Ausgabe_1930.txt	0.27762358609132803	0.10698575617930456	0.02487431922915794	0.0672130289065773	0.06702974444909929	0.2259373690825304	0.23033619606200254
31	file:/tmp/stadtwaechter_mallet_hzuu4wlp/08._Ausgabe_1931-1.txt	0.251948051948052	0.10703896103896103	0.28703896103896104	0.0914025974025974	0.01612987012987013	0.06394805194805195	0.18249350649350649
32	file:/tmp/stadtwaechter_mallet_hzuu4wlp/20._Ausgabe_1930.txt	0.2953407278257966	0.10058611863337907	0.010479652780353897	0.027877731201543198	0.02242460214415551	0.34351003449938794	0.19978113291538377
33	file:/tmp/stadtwaechter_mallet_hzuu4wlp/40._Ausgabe_1930.txt	0.279910910345693	0.25202333897986073	0.03397327310370789	0.028483593700985008	0.050222724135767616	0.14881736620867056	0.20656879352531526
34	file:/tmp/stadtwaechter_mallet_hzuu4wlp/OCR_19._1930_Ausgabe.txt	0.2593746603383935	0.12800260860113763	0.015144378826854099	0.07372921270968444	0.05622984674468316	0.23857831237998622	0.2289409803992609
35	file:/tmp/stadtwaechter_mallet_hzuu4wlp/16._Ausgabe_1929_OCR_korrekt.txt	0.18930477737625567	0.09531545270695886	1.6576600470775453E-4	0.07001956038855552	0.47614627192255415	0.0013261280376620362	0.16772204356330603
36	file:/tmp/stadtwaechter_mallet_hzuu4wlp/55._Ausgabe_1930.txt	0.2400640704775253	0.1851703540561284	0.17419161077184903	0.0688423932992959	0.045716955317515934	0.026328961858043846	0.2596856542196416
37	file:/tmp/stadtwaechter_mallet_hzuu4wlp/30._Ausgaabe_1930.txt	0.2578192693629986	0.21242697822623474	0.027727310842161165	0.052966989965620374	0.054727897811443105	0.1682086256533527	0.22612292813818935
38	file:/tmp/stadtwaechter_mallet_hzuu4wlp/34a_Ausgabe_1930-1.txt	0.27695046386635175	0.054328848721372086	0.009996234295299717	0.025572558282838654	0.01718530690493307	0.4403820478586834	0.17558454007052138
39	file:/tmp/stadtwaechter_mallet_hzuu4wlp/19._Ausgabe_1931-1.txt	0.3412910278900669	0.17880660005593266	0.18823888338036765	0.08270409071263315	0.021127297688963466	0.00849159738641853	0.17934050288561768
40	file:/tmp/stadtwaechter_mallet_hzuu4wlp/50a_Ausgabe_1930.txt	0.21337142857142857	0.25817142857142855	0.06777142857142857	0.06297142857142857	0.031771428571428575	0.09657142857142857	0.2693714285714286
41	file:/tmp/stadtwaechter_mallet_hzuu4wlp/37._Ausgabe_1930.txt	0.2907033098611626	0.13464663454685405	0.06499985745645295	0.07378053995495625	0.04963366308407219	0.1683724377797417	0.21786355731676027
42	file:/tmp/stadtwaechter_mallet_hzuu4wlp/04._Ausgabe_1931.txt	0.31021101139946644	0.14701067184089253	0.197944457918991	0.08801236963376183	0.023496240601503758	0.017978413776376424	0.215346834829008
43	file:/tmp/stadtwaechter_mallet_hzuu4wlp/49._Ausgabe_1930.txt	0.23781179138321998	0.22590702947845806	0.11611866969009825	0.04931972789115646	0.03851725875535399	0.10928445452254976	0.2230410682791635
44	file:/tmp/stadtwaechter_mallet_hzuu4wlp/22._Ausgabe_1930.txt	0.26736216874809626	0.06853487663722206	0.012920093410498526	0.024291806274748706	0.039572545436084884	0.3506955020814296	0.23662300741192
45	file:/tmp/stadtwaechter_mallet_hzuu4wlp/OCR_22._1929_Ausgabe.txt	0.27842107082368395	0.10542324841865128	0.02291659465625108	0.0867927136981093	0.22857834157132487	0.04590231931146521	0.23196571152051432
46	file:/tmp/stadtwaechter_mallet_hzuu4wlp/11._Ausgabe_1931-1.txt	0.29009317485925	0.21380831659697758	0.18523030322984227	0.059164389424818095	0.03565666875185198	0.031047311757152737	0.1849998353801073
47	file:/tmp/stadtwaechter_mallet_hzuu4wlp/29._Ausgabe_1930.txt	0.2568192325473879	0.17773347202958853	0.027652565880721222	0.03634997688395747	0.050913083680073974	0.2343677762367083	0.21616389274156267
48	file:/tmp/stadtwaechter_mallet_hzuu4wlp/18._Ausgabe_1930-1.txt	0.25916730328495036	0.17345726169255582	0.02595280536457007	0.041401409048467876	0.061603429250488076	0.1970758000169765	0.24134199134199136
49	file:/tmp/stadtwaechter_mallet_hzuu4wlp/44._Ausgabe_1930.txt	0.22457007980218052	0.2597785770484433	0.09691469034506013	0.06524671237495785	0.03397212543554007	0.14530178711925368	0.17421602787456444
50	file:/tmp/stadtwaechter_mallet_hzuu4wlp/OCR_14_1929_korrekt.txt	0.2723564027582223	0.14877793422145202	0.018376114661179103	0.12679158092349904	0.18516913968013285	0.015090797501714864	0.23343803025379978
51	file:/tmp/stadtwaechter_mallet_hzuu4wlp/52._Ausgabe_1930.txt	0.2469186137682296	0.18281323506350947	0.13188019444880036	0.041869217500392034	0.03725889916888819	0.0660185039987455	0.2932413360514349
52	file:/tmp/stadtwaechter_mallet_hzuu4wlp/21._Ausgabe_1930.txt	0.3018362773913803	0.08998050228443384	0.036201728603439745	0.04149812298111341	0.023775572563513078	0.2916509035881617	0.215056892587958
53	file:/tmp/stadtwaechter_mallet_hzuu4wlp/60._Ausgabe_1930.txt	0.29524006744963466	0.15980830103836938	0.17057657604354642	0.03680146732538532	0.02251279472236192	0.0498476466585806	0.2652131467621217
54	file:/tmp/stadtwaechter_mallet_hzuu4wlp/OCR_13_1929_Korrekt.txt	0.30252482637762057	0.158953722334004	0.011293567858765497	0.09784513532809762	0.18666839748166417	0.020153177127279806	0.2225611734925683
55	file:/tmp/stadtwaechter_mallet_hzuu4wlp/62._Ausgabe_1930.txt	0.2834911652615776	0.13575470608615312	0.20891557916618547	0.032480655964892025	0.033895368980251764	0.06340224044346922	0.24206028409747085
56	file:/tmp/stadtwaechter_mallet_hzuu4wlp/13._Ausgabe_1931-1.txt	0.30464426084864044	0.1835512419454025	0.15996898478650304	0.10120050266035667	0.025961872677201146	0.030828052725862948	0.1938450843560333
57	file:/tmp/stadtwaechter_mallet_hzuu4wlp/53._Ausgaben_1930.txt	0.23740099088011615	0.1784215342863454	0.17908422480987093	0.05582378743412541	0.034396793840133805	0.051847644292972325	0.263025024456436
58	file:/tmp/stadtwaechter_mallet_hzuu4wlp/32._Ausgabe_1931.txt	0.31897546897546897	0.18934583934583935	0.1805916305916306	0.0613997113997114	0.03311688311688312	0.04389129389129389	0.17267917267917268
59	file:/tmp/stadtwaechter_mallet_hzuu4wlp/OCR_5._1929_komplett_Stadtwächter.txt	0.35775220040622885	0.12481381178063641	0.012728503723764387	0.2622545700744753	0.07528774542992553	0.024576844955991873	0.14258632362897763
60	file:/tmp/stadtwaechter_mallet_hzuu4wlp/25_26_Ausgabe_1931.txt	0.2593900481540931	0.17100053504547888	0.23067594078830034	0.06550740146245763	0.037667201712145534	0.02917781344747637	0.20658105939004817
61	file:/tmp/stadtwaechter_mallet_hzuu4wlp/35._Ausgabe_1930-1.txt	0.2601622044166504	0.18423881180379126	0.024526089505569667	0.0771936681649404	0.096687512214188	0.0939515341020129	0.26324017979284736
62	file:/tmp/stadtwaechter_mallet_hzuu4wlp/09._Ausgabe_1930-2.txt	0.27234193830671627	3.2815576460293154E-4	3.2815576460293154E-4	3.2815576460293154E-4	0.01028221395755852	0.47678297965434263	0.23960840078757384
63	file:/tmp/stadtwaechter_mallet_hzuu4wlp/11._Ausgabe_1930.txt	0.256746674899025	0.08368706747961205	0.028941884695531373	0.0442489259345013	0.07054102029790847	0.26845205937588434	0.24738236731753752
64	file:/tmp/stadtwaechter_mallet_hzuu4wlp/OCR_12_1929_korrekt.txt	0.33108522378908645	0.14811707380038078	0.00897092516699474	0.10497273225983414	0.18019297169963536	0.022975894672303075	0.20368517861176547
65	file:/tmp/stadtwaechter_mallet_hzuu4wlp/57._Ausgabe_1930.txt	0.28118766303513887	0.13761444427395017	0.19883893406986855	0.05490767735665695	0.03718479873152269	0.03593166589944249	0.2543348166334203
66	file:/tmp/stadtwaechter_mallet_hzuu4wlp/OCR_31._1929_Ausgabe.txt	0.24916744940654084	0.07941251814533345	0.010972589872769192	0.03159422764921868	0.26530612244897955	0.08270002561694134	0.2808470668602169
67	file:/tmp/stadtwaechter_mallet_hzuu4wlp/OCR_28._1929_Ausgabe.txt	0.2959519589046052	0.10527077379445067	0.00600513692435698	0.08501248055565605	0.24049488116340484	0.05183952537712984	0.21542524328039647
68	file:/tmp/stadtwaechter_mallet_hzuu4wlp/21._Ausgabe_1931-1.txt	0.33796319510605227	0.1714135285563857	0.18896354610640326	0.08050443764729479	0.03978839693125408	0.024344381487238633	0.1570225141653713
69	file:/tmp/stadtwaechter_mallet_hzuu4wlp/OCR_2_1929_Ausgabe_Stadtwächter.txt	0.35171323141802846	0.0909506237919522	0.018871903004744332	0.3189949042347566	0.060200316288877176	0.02748198910560534	0.13178703215603582
70	file:/tmp/stadtwaechter_mallet_hzuu4wlp/05._Ausgabe_1930-1.txt	0.26199071686436304	0.042135121196493035	0.017586384734399177	0.03383187209902011	0.0778751933986591	0.2977307890665291	0.26884992264053637
71	file:/tmp/stadtwaechter_mallet_hzuu4wlp/OCR_2._Ausgabe_1930.txt	0.2692266245195589	0.08994575954596071	0.039153705233665	0.06806997377779374	0.08265383095657172	0.20787384604332051	0.24307625992312942
72	file:/tmp/stadtwaechter_mallet_hzuu4wlp/OCR_36._1929_Ausgabe.txt	0.2962018969623532	0.09292608532152259	0.00547361383863285	0.02799481886934358	0.19558768227969747	0.1087201771612418	0.27309572556720846
73	file:/tmp/stadtwaechter_mallet_hzuu4wlp/06._Ausgabe_1930.txt	0.2842788027008347	0.06005103939603382	0.062842256366633	0.44635546812696053	1.3291509383805625E-4	0.041442926258705944	0.10489659205699399
74	file:/tmp/stadtwaechter_mallet_hzuu4wlp/24._Ausgabe_1931-1.txt	0.2818880656718495	0.15040523148631255	0.2351386135169919	0.03645344185884727	0.06859369021531184	0.0325576541792758	0.19496330307141116
75	file:/tmp/stadtwaechter_mallet_hzuu4wlp/10._Ausgabe_1931.txt	0.2837682936581985	0.12459680644043397	0.23058672993362303	0.08018553568096394	0.03764028470130355	0.06898941700210594	0.17423293258337108
76	file:/tmp/stadtwaechter_mallet_hzuu4wlp/07._Ausgabe_1930-1.txt	0.23824748787857494	0.057726090928255216	0.03239406928536294	0.04961000632422177	0.041739863677886305	0.3653994800084323	0.21488300189726653
77	file:/tmp/stadtwaechter_mallet_hzuu4wlp/OCR_25._1929_Ausgabe.txt	0.2704105242282012	0.13320552654194487	0.012890857407284987	0.09202088979969592	0.20053546638461028	0.03371455014212997	0.25722218549613274
78	file:/tmp/stadtwaechter_mallet_hzuu4wlp/09._Ausgabe_1931-1.txt	0.27240520873228646	0.14740520873228646	0.17354461891995404	0.06261968594408272	0.03849099961700498	0.049047299885101495	0.2564869781692838
79	file:/tmp/stadtwaechter_mallet_hzuu4wlp/36._Ausgabe_1930.txt	0.27084655063029267	0.22199542106860123	0.03219043941191074	0.04242407524894492	0.07042175819932144	0.15093923261523184	0.2111825228256972
80	file:/tmp/stadtwaechter_mallet_hzuu4wlp/16._Ausgabe_OCR_korrekt.txt	0.1939462255080728	0.09763617677286743	1.6576600470775453E-4	0.06746676391605609	0.47614627192255415	3.978384112986109E-4	0.16424095746444317
81	file:/tmp/stadtwaechter_mallet_hzuu4wlp/12._Ausgabe_1930.txt	0.26306931198041517	0.12811750905288927	0.02333350334064365	0.0376141174070485	0.09134492783189677	0.20380476360483502	0.25271586678227165
82	file:/tmp/stadtwaechter_mallet_hzuu4wlp/39._Ausgabe_1930.txt	0.24928787224859733	0.23841173931808374	0.03156380376924184	0.0672133505970364	0.07587397496763056	0.10729391454466983	0.23035534455474033
83	file:/tmp/stadtwaechter_mallet_hzuu4wlp/61._Ausgabe_1930.txt	0.31438039133179047	0.1291815695350305	0.16673679781190825	0.047811908268462024	0.021118241110877338	0.062171260256679996	0.2585998316852514
84	file:/tmp/stadtwaechter_mallet_hzuu4wlp/OCR_4._Ausgabe_1930.txt	0.2970211402946829	0.066527866752082	0.015855221012171683	0.05128122998078155	0.09500320307495196	0.21832158872517615	0.25598975016015374
85	file:/tmp/stadtwaechter_mallet_hzuu4wlp/56._Ausgabe_1930-1.txt	0.1303441084462982	0.15053875564824468	0.31598887730274594	1.737921445950643E-4	1.737921445950643E-4	0.0011470281543274243	0.4016336461591936
86	file:/tmp/stadtwaechter_mallet_hzuu4wlp/14._Ausgabe_1930-1.txt	0.3010007505629222	0.1390042531898924	0.026394796097072806	0.07368026019514635	0.08611458593945459	0.17245434075556668	0.20135101325994498
87	file:/tmp/stadtwaechter_mallet_hzuu4wlp/33._Ausgabe_1930.txt	0.2504614830489397	0.16852010265183917	0.021025617937058212	0.039935167259466026	0.07649362928278781	0.22209715906532798	0.22146684075458103
88	file:/tmp/stadtwaechter_mallet_hzuu4wlp/34._Ausgabe_1930.txt	0.24367752282260055	0.2132371083148285	0.035991857883049594	0.03858253145817913	0.10896249691586479	0.1044288181593881	0.25511966444608936
89	file:/tmp/stadtwaechter_mallet_hzuu4wlp/03._Ausgabe_1931-1.txt	0.31494708994709	0.18439153439153438	0.19402116402116404	0.06772486772486773	0.020873015873015873	0.04142857142857143	0.1766137566137566
90	file:/tmp/stadtwaechter_mallet_hzuu4wlp/OCR_26._1929_Ausgabe.txt	0.2518770411770648	0.22524494124776942	0.014780647116258712	0.09373421770310764	0.14652705296117974	0.04612639305073903	0.22170970674388066
91	file:/tmp/stadtwaechter_mallet_hzuu4wlp/41._Ausgabe_1930.txt	0.21517363851617993	0.2234609313338595	0.06277953170218364	0.06370034201525915	0.04574454091028677	0.1555511707445409	0.23358984477769007
92	file:/tmp/stadtwaechter_mallet_hzuu4wlp/OCR_17._1929_Ausgabe_korrekt.txt	0.2703146202152166	0.14727507968064626	0.0182713244343463	0.07437912209283978	0.2561772223800057	0.04124459591656411	0.19233803528038118
93	file:/tmp/stadtwaechter_mallet_hzuu4wlp/17._Ausgabe_1930.txt	0.2383997077091706	0.1479265619291195	0.02228717573986116	0.05745341614906833	0.053936792108147606	0.25630252100840334	0.22369382535622942
94	file:/tmp/stadtwaechter_mallet_hzuu4wlp/OCR_32._1929_Ausgabe-1.txt	0.25792654817394867	0.045843364237053735	0.022716795574450648	0.03723812938585259	0.2272703990165446	0.11020334989499564	0.29880141371715413
95	file:/tmp/stadtwaechter_mallet_hzuu4wlp/24._Ausgabe_1930.txt	0.228098769456442	0.13910846711759434	0.047551136826664495	0.029867166490098605	0.06580555781924864	0.29313014424252304	0.19643875804742889
96	file:/tmp/stadtwaechter_mallet_hzuu4wlp/43._Ausgabe_1930.txt	0.2408991731740928	0.30782039503904457	0.07490238860817638	0.04536058796508957	0.046767340376665134	0.06686380339917318	0.21738631143775838
97	file:/tmp/stadtwaechter_mallet_hzuu4wlp/OCR_1._1929_komplett_Stadtwächter.txt	0.3977662098049552	0.09772008434370058	0.01930680021085925	0.26746178176067475	0.05505403268318398	0.023458091723774378	0.13923299947285186
98	file:/tmp/stadtwaechter_mallet_hzuu4wlp/13._Ausgabe_1930.txt	0.28886078292254064	0.07940278249066848	0.01850880710738193	0.048307986550266836	0.0968936052071444	0.22775087145633466	0.2402751642656631
99	file:/tmp/stadtwaechter_mallet_hzuu4wlp/08._Ausgabe_1930-1.txt	0.2784550592929181	9.143300454394326E-4	5.264324504045218E-4	1.38534855369611E-4	0.05075917100742547	0.4256621966086668	0.24354427573977613
100	file:/tmp/stadtwaechter_mallet_hzuu4wlp/59._Ausgabe_1930.txt	0.2939231782142157	0.11212282520382147	0.18880452749838902	0.03916734373686717	0.031126551424649092	0.07289944807105035	0.2619561258510072
101	file:/tmp/stadtwaechter_mallet_hzuu4wlp/OCR_27._1929_Ausgabe.txt	0.29481792717086835	0.1198953265516733	0.022372106737431813	0.0873875866135928	0.20168067226890754	0.055653840483561846	0.2181925401739643
102	file:/tmp/stadtwaechter_mallet_hzuu4wlp/OCR_30._1929_Ausgabe.txt	0.2562319045265165	0.0743238471859332	0.00734411411623473	0.046889343972883274	0.21075489019137064	0.1252383306263682	0.2792175693806935
103	file:/tmp/stadtwaechter_mallet_hzuu4wlp/38._Ausgabe_1930.txt	0.22203300746347104	0.34094397140754756	0.025123515189740358	0.058088930936613055	0.07118679701461159	0.07942815095132975	0.20319562703668664
104	file:/tmp/stadtwaechter_mallet_hzuu4wlp/29._Ausgabe_1931.txt	0.30518573921715286	0.28965345300423834	0.1280478683620045	0.055447519321864876	0.04218399401645475	0.021765145848915483	0.15771628022936923
105	file:/tmp/stadtwaechter_mallet_hzuu4wlp/14._Ausgabe_1931-1.txt	0.2734704351332527	0.12335496169214415	0.2837347410095678	0.07665236995491037	0.03251585468675538	0.027383701748597822	0.1828879357747718
106	file:/tmp/stadtwaechter_mallet_hzuu4wlp/OCR_35._1929_Ausgabe_.txt	0.2165186978746301	0.08262039278988431	0.016142050040355124	0.027064837234328763	0.28092547753564706	0.10371267150928166	0.27301587301587305
107	file:/tmp/stadtwaechter_mallet_hzuu4wlp/15._Ausgabe_1931-2.txt	0.30923230094448784	0.142910959825633	0.23577213895541266	0.10618087883109543	0.025939778812259506	0.020100637731076607	0.15986330490003497
108	file:/tmp/stadtwaechter_mallet_hzuu4wlp/46._Ausgabe_1930.txt	0.24144037780401417	0.281614849796668	0.06306572215663125	0.06605011150465696	0.04355240718877083	0.06375442739079103	0.2405221041584678
109	file:/tmp/stadtwaechter_mallet_hzuu4wlp/20._Ausgabe_1931-1.txt	0.27776493033474015	0.12640920390819216	0.2544949991327976	0.06570503555529861	0.04122102098629821	0.04081632653061225	0.19358848355206104
110	file:/tmp/stadtwaechter_mallet_hzuu4wlp/OCR_19._1929_Ausgabe_korrekt.txt	0.30031632424833055	0.09722976643128735	0.01089561299805093	0.09767709365114867	0.24797903952455508	0.02655206569319743	0.21935009745343004
111	file:/tmp/stadtwaechter_mallet_hzuu4wlp/OCR_21._1929_Ausgabe.txt	0.2755522153966802	0.11933080643053194	0.031499150437851266	0.09920271859887597	0.21654032152659783	0.03675990066657953	0.22111488694288328
112	file:/tmp/stadtwaechter_mallet_hzuu4wlp/23._Ausgabe_1931-1.txt	0.32691298415030967	0.13073370420908995	0.23984465204156608	0.0631363493229768	0.032460375774115674	0.0175816101605962	0.18933032434134567
113	file:/tmp/stadtwaechter_mallet_hzuu4wlp/31._Ausgabe_1931.txt	0.29890073205045664	0.2496602045926032	0.17938812981376828	0.08190857715144145	0.02749362138445764	0.017311681808426925	0.14533705319884588
114	file:/tmp/stadtwaechter_mallet_hzuu4wlp/12._Ausgabe_1931-1.txt	0.28192980488898856	0.1620318457053151	0.2216864767885176	0.08020296030500113	0.045469836286162815	0.0456660686252523	0.1630130074007625
115	file:/tmp/stadtwaechter_mallet_hzuu4wlp/16._Ausgabe_1930-1.txt	0.3226624755287176	0.17056828521796674	0.013841784542421484	0.037389362230126566	0.04510987950478396	0.20685471640885655	0.20357349656712714
116	file:/tmp/stadtwaechter_mallet_hzuu4wlp/06._Ausgabe_1931-1.txt	0.2863256951459408	0.06340049976075283	0.062842256366633	0.44970492849167953	1.3291509383805625E-4	0.03790738476261364	0.09968632037854218
117	file:/tmp/stadtwaechter_mallet_hzuu4wlp/07._Ausgabe_1931-1.txt	0.2578258394991463	0.18140425311740052	0.1910022248667667	0.08343250375122885	0.0492057743053759	0.016608889118849276	0.2205205153412325
118	file:/tmp/stadtwaechter_mallet_hzuu4wlp/01._Ausgabe_1931-1.txt	0.2866930785364717	0.12127709158704265	0.20023304591004426	0.031228151945933348	0.020787695175949663	0.09941738522488931	0.24036355161966905
119	file:/tmp/stadtwaechter_mallet_hzuu4wlp/42._Ausgabe_1930.txt	0.28596934220929937	0.17545336291988675	0.06797255592113653	0.0365495957354554	0.03047925115413064	0.20473384854745327	0.19884204351263807
120	file:/tmp/stadtwaechter_mallet_hzuu4wlp/01._Ausgabe_1930.txt	0.28318704312617193	0.1338623332155765	0.01154922688116525	0.05377863528900242	0.14299301611456833	0.12435120519579336	0.2502785401777222
121	file:/tmp/stadtwaechter_mallet_hzuu4wlp/63._Ausgabe_1930.txt	0.2749340920362298	0.09404609642139332	0.25191198350343247	0.048184594502884294	0.053300618621283706	0.06152280024013991	0.21609981467463654
122	file:/tmp/stadtwaechter_mallet_hzuu4wlp/30._Ausgabe_1931.txt	0.3040286244367877	0.21942751126424598	0.15059634243307712	0.07545719586535914	0.051895043731778424	0.02888947786906971	0.16970580439968194
123	file:/tmp/stadtwaechter_mallet_hzuu4wlp/OCR_23._1929_Ausgabe.txt	0.29572034033332273	0.08849303718810746	0.029826965361205826	0.11035339855326472	0.1574200949619196	0.05414104075714605	0.2640451228450336
124	file:/tmp/stadtwaechter_mallet_hzuu4wlp/33._Ausgabe_1931.txt	0.29844761724147273	0.17252309609601474	0.24193329901655333	0.08623445585326868	0.03180623662322885	0.02080680555931836	0.1482484896101433
125	file:/tmp/stadtwaechter_mallet_hzuu4wlp/OCR_20._1929_Ausgabe.txt	0.2746795295361438	0.13615038985066735	0.027917272366856084	0.0801836923483547	0.22565085238535745	0.032311351922822786	0.22310691158979779
126	file:/tmp/stadtwaechter_mallet_hzuu4wlp/OCR_10_1929_Ausgabe.txt	0.3206551825197825	0.12576117750496596	0.006545312449119151	0.20440261812497965	0.17932853560845355	0.020222084730860658	0.14308508906183853
127	file:/tmp/stadtwaechter_mallet_hzuu4wlp/OCR_33._1929_Ausgabe.txt	0.26261169550955776	0.06664970026015157	0.013403461146929078	0.03141612939712703	0.21708517136070582	0.1076235719941183	0.3012102703314105
128	file:/tmp/stadtwaechter_mallet_hzuu4wlp/47._Ausgabe_1930.txt	0.23440815332707224	0.2236947372082507	0.12216077080941946	0.06275000869595464	0.024522592090159657	0.08320289401370483	0.24926084385543845
129	file:/tmp/stadtwaechter_mallet_hzuu4wlp/56._Ausgabe_1930.txt	0.1327771984706291	0.1451859575947167	0.318908585331943	6.604101494612444E-4	1.737921445950643E-4	4.1710114702815437E-4	0.4018769551616267
130	file:/tmp/stadtwaechter_mallet_hzuu4wlp/7._Ausgabe_1929_korrekt.txt	0.3194949095226104	0.0999028672158866	0.019822282980177717	0.2935568586538116	0.08756340612296291	0.0273770550778861	0.15228262042666474
131	file:/tmp/stadtwaechter_mallet_hzuu4wlp/16._Ausgabe_1931-2.txt	0.3065137216617855	0.11535958346892286	0.24956611346132987	0.10814621976353182	0.011904761904761904	0.03221607549625773	0.17629352424341033
132	file:/tmp/stadtwaechter_mallet_hzuu4wlp/08._Ausgabe_1930.txt	0.2827219328383021	0.001108278842956888	0.001108278842956888	1.38534855369611E-4	0.048043887842181096	0.4237227086334922	0.24315637814474123
133	file:/tmp/stadtwaechter_mallet_hzuu4wlp/OCR_18._1929_Ausgabe_korrekt.txt	0.22556390977443608	0.13823797161064094	0.0181058026231498	0.06578104453960013	0.3034492059745777	0.03698708655045686	0.21187497892713847
134	file:/tmp/stadtwaechter_mallet_hzuu4wlp/45._Ausgabe_1930.txt	0.24317949524333674	0.22474251120371097	0.11494614356474565	0.05660822391697461	0.040372670807453416	0.09183111879864769	0.2283198364651309
135	file:/tmp/stadtwaechter_mallet_hzuu4wlp/28._Ausgabe_1930.txt	0.2688947138488423	0.11768846172515897	0.028323867773409058	0.06247269550021844	0.06977816610844134	0.22387262754235232	0.2289694675015776
